spawns:
  default:
    world: 783a7a76-c37b-480a-8a70-f639ef3012e3
    world-name: world
    x: 185.30325151671082
    y: 144.0
    z: -184.42176732940302
    yaw: 180.8999786376953
    pitch: 1.199992060661316
