spawns:
  default:
    world: 783a7a76-c37b-480a-8a70-f639ef3012e3
    world-name: world
    x: 143.4980644506139
    y: 103.0
    z: -152.95808937555876
    yaw: -359.9971618652344
    pitch: 4.049992084503174
