ad06061e-fa35-302f-bcfe-dba975231028:
  World-Name: world
  X: 184.60891225978642
  Y: 143.0
  Z: -174.48518637203267
  Yaw: 96.30001
  Pitch: 10.500009
88945b79-c0b5-3293-98e3-76f0166dd9d0:
  World-Name: world
  X: 179.51445782928727
  Y: 143.0
  Z: -189.86598030792612
  Yaw: 198.45007
  Pitch: -44.850014
